(99 * 240 + 43 + 165) / (48 + 8) = 428 line
48 byte per line
page feed: (<line> + 84) * 24 = 12288

prefix: 5178a2003000
postfix: ??ff

ffffffffffffffffffffffffffffffffffffffffffffffffffffffffffffffffffffffffffffffffffffffffffffff7f
ffffffffffffffffffffffffffffffffffffffffffffffffffffffffffffffffffffffffffffffffffffffffffffff7f
03 00000000 10 0000000000 04 00000000 30 00000000 40 0000000000 02 00000000 0e 00000000 08 00000000 80 00000000 40
03 00000000 10 0000000000 04 00000000 38 00000000 40 0000000000 02 00000000 0e 00000000 08 00000000 80 00000000 40
03 00000000 30 0000000000 06 00000000 38 00000000 40 0000000000 02 00000000 0e 00000000 08 00000000 80 00000000 40
03 00000000 30 0000000000 04 00000000 38 00000000 40 0000000000 02 00000000 0e 00000000 08 00000000 80 00000000 40
03 00000000 10 0000000000 06 00000000 30 00000000 40 0000000000 02 00000000 0e 00000000 08 00000000 80 00000000 c0
03 00000000 30 0000000000 04 00000000 38 00000000 40 0000000000 03 00000000 0e 00000000 08 00000000 80 00000000 40
03 00000000 30 0000000000 04 00000000 78 00000000 60 0000000000 03 00000000 0e 00000000 08 00000000 80 00000000 40
03 00000000 30 0000000000 06 00000000 30 00000000 40 0000000000 02 00000000 0e 00000000 08 00000000 80 00000000 40
03 00f00100 10 0000000000 04 00000000 38 00000000 40 0000000000 02 00000000 0e 00000000 08 00000000 80 00000000 40
03 00fe0f00 30 0000000000 04 00000000 38 00000000 40 0000000000 03 00000000 0e 00000000 08 00000000 80 00000000 40
03 00ff3f00 30 0000000000 06 00000000 30 00000000 40 0000000000 02 00000000 0e 00000000 08 00000000 80 00000000 40
03 809f7f00 10 0000000000 04 00000000 38 00000000 60 0000000000 03 00000000 0e 00000000 08 00000000 80 00000000 40
03 c0077c00 30 0000000000 04 00000000 38 00000000 40 0000000000 02 00000000 0e 00000000 08 00000000 80 00000000 40
03 e0037800 30 0000000000 06 00000000 30 00000000 40 0000000000 03 00000000 0e 00000000 08 00000000 80 00000000 40
03 e001f800 10 0000000000 04 00000000 38 00000000 40 0000000000 02 00000000 0e 00000000 08 00000000 80 00000000 40
03 e001f000 30 0000000000 04 00000000 38 00000000 40 0000000000 02 00000000 0e 00000000 08 00000000 80 00000000 40
03 e001f000 30 0000000000 06 00000000 30 00000000 60 0000000000 03 00000000 0e 00000000 08 00000000 80 00000000 40
03 e001f000 10 0000000000 04 00000000 38 00000000 40 0000000000 01 00000000 0e 00000000 08 00000000 80 00000000 40
03 e003f800 30 0000000000 04 00000000 38 00000000 40 0000000000 02 00000000 0e 00000000 08 00000000 80 00000000 40
03 c0077800 30 0000000000 06 00000000 30 00000000 40 0000000000 03 00000000 0e 00000000 08 00000000 80 00000000 40
03 c00f3e00 10 0000000000 04 00000000 38 00000000 40 0000000000 02 00000000 0e 00000000 08 00000000 80 00000000 40
03 801f3f00 30 0000000000 04 00000000 38 00000000 60 0000000000 03 00000000 0e 00000000 08 00000000 80 00000000 40
03 00ff0f00 30 0000000000 06 00000000 30 00000000 40 0000000000 02 00000000 0e 00000000 08 00000000 80 00000000 40
03 00fc0700 10 0000000000 04 00000000 38 00000000 40 0000000000 01 00000000 0e 00000000 08 00000000 80 00000000 40
03 00fe1f00 30 0000000000 06 00000000 38 00000000 40 0000000000 03 00000000 0e 00000000 08 00000000 80 00000000 40
03 809f3f00 30 0000000000 04 00000000 30 00000000 40 0000000000 02 00000000 0e 00000000 08 00000000 80 00000000 40
03 c0077e00 10 0000000000 06 00000000 38 00000000 60 0000000000 03 00000000 0e 00000000 08 00000000 80 00000000 40
03 e003f800 30 0000000000 04 00000000 38 00000000 40 0000000000 02 00000000 0e 00000000 08 00000000 80 00000000 40
03 e001f000 30 0000000000 04 00000000 30 00000000 40 0000000000 02 00000000 0e 00000000 08 00000000 80 00000000 40
03 f001f001 10 0000000000 06 00000000 38 00000000 40 0000000000 03 00000000 0e 00000000 08 00000000 80 00000000 40
03 f000f001 30 0000000000 04 00000000 38 00000000 40 0000000000 02 00000000 0e 00000000 08 00000000 80 00000000 40
03 f000e001 30 0000000000 06 00000000 30 00000000 60 0000000000 03 00000000 0e 00000000 08 00000000 80 00000000 40
03 f000e001 10 0000000000 04 00000000 38 00000000 40 0000000000 02 00000000 0e 00000000 08 00000000 80 00000000 40
03 f001f001 30 0000000000 04 00000000 38 00000000 40 0000000000 01 00000000 0e 00000000 08 00000000 80 00000000 40
03 f001f000 30 0000000000 06 00000000 30 00000000 40 0000000000 03 00000000 0e 00000000 08 00000000 80 00000000 40
03 e003f800 10 0000000000 04 00000000 38 00000000 40 0000000000 02 00000000 0e 00000000 08 00000000 80 00000000 40
03 c0077c00 30 0000000000 06 00000000 38 00000000 60 0000000000 03 00000000 0e 00000000 08 00000000 80 00000000 40
03 c0ff3f00 30 0000000000 04 00000000 30 00000000 40 0000000000 02 00000000 0e 00000000 08 00000000 80 00000000 40
03 00ff1f00 10 0000000000 04 00000000 38 00000000 40 0000000000 01 00000000 0e 00000000 08 00000000 80 00000000 40
03 00fc0700 30 0000000000 06 00000000 38 00000000 40 0000000000 02 00000000 0e 00000000 08 00000000 80 00000000 40
03 00000000 30 0000000000 04 00000000 30 00000000 40 0000000000 03 00000000 0e 00000000 08 00000000 80 00000000 40
03 00000000 10 0000000000 06 00000000 38 00000000 60 0000000000 02 00000000 0e 00000000 0c 00000000 80 00000000 40
03 00000000 30 0000000000 04 00000000 38 00000000 40 0000000000 02 00000000 0e 00000000 08 00000000 80 00000000 40
03 00000000 30 0000000000 04 00000000 30 00000000 40 0000000000 03 00000000 0e 00000000 08 00000000 80 00000000 40
03 00000000 10 0000000000 06 00000000 38 00000000 40 0000000000 02 00000000 0e 00000000 08 00000000 80 00000000 40
03 00000000 30 0000000000 04 00000000 70 00000000 40 0000000000 02 00000000 0e 00000000 08 00000000 80 00000000 40
03 00000000 30 0000000000 06 00000000 38 00000000 60 0000000000 03 00000000 0e 00000000 0c 00000000 80 00000000 40
03 00000000 10 0000000000 04 00000000 30 00000000 40 0000000000 03 00000000 0e 00000000 08 00000000 80 00000000 40
f3 6ddbb6db ab b56ddbb6ad 66 6d6bb5aa 79 5b55abed 6d dbb66ddb36 b5 6ddbb66d ce b66ddbb6 ec b66ddbb6 fb 6c555555 65
b7 fd7ff77e eb bf6dbb77fb fd efbeefbf 7b ffffffbf b7 ffffffffff fc effbb6ed fe fffdffff f7 ffffffff bf ffffffff 7f
03 00000000 30 8024010011 06 00000000 78 00000000 62 0000000000 03 00044912 0e 00000000 08 00000000 00 01000000 40
03 00000000 30 0000000000 04 00000000 38 00000000 40 0000000000 03 00000000 0e 00000000 08 00000000 80 00000000 40
03 00000000 10 0000000000 06 00000000 38 00000000 60 0000000000 03 00000000 0e 00000000 0c 00000000 80 00000000 40
03 00000000 30 0000000000 04 00000000 38 00000000 40 0000000000 02 00000000 0e 00000000 08 00000000 80 00000000 40
03 00000000 30 0000000000 04 00000000 30 00000000 40 0000000000 03 00000000 0e 00000000 0c 00000000 80 00000000 c0
03 00000000 30 0000000000 06 00000000 38 00000000 40 0000000000 02 00000000 0e 00000000 08 00000000 80 00000000 40
03 00000000 10 0000000000 04 00fc0700 38 0000f801 60 0000000000 02 00000000 0e 00000000 08 00000000 80 00000000 40
03 00000000 30 0000000000 06 00ff1f00 30 0000ff01 40 0000000000 03 00000000 0e 00000000 08 00000000 80 00000000 40
03 00000000 30 0000000000 04 80ff3f00 38 0080ff01 40 0000000000 02 00000000 0e 00000000 0c 00000000 80 00000000 40
03 00000000 30 0000000000 04 806f3f00 38 00e07f00 40 0000000000 03 00000000 0e 00000000 08 00000000 80 00000000 c0
03 00000000 30 0000000000 06 80017c00 30 00f00700 40 0000000000 02 00000000 0e 00000000 08 00000000 80 00000000 40
03 00000000 10 0000000000 04 00007800 38 00f80100 60 0000000000 03 00000000 0e 00000000 08 00000000 80 00000000 40
03 00000000 30 0000000000 06 0000f800 30 00780000 40 0000000000 02 00000000 0e 00000000 08 00000000 80 00000000 40
03 00000000 30 0000000000 06 00007800 38 007c0000 40 0000000000 03 00000000 0e 00000000 08 00000000 80 00000000 40
03 00000000 10 0000000000 04 00007800 38 003c0000 40 0000000000 02 00000000 0e 00000000 08 00000000 80 00000000 40
03 00000000 30 0000000000 04 00007800 30 001e0000 40 0000000000 03 00000000 0e 00000000 0c 00000000 80 00000000 c0
03 00000000 30 0000000000 06 00007c00 38 001e0000 40 0000000000 02 00000000 0e 00000000 08 00000000 80 00000000 40
03 00000000 30 0000000000 04 00003c00 30 008f3f00 40 0000000000 03 00000000 0e 00000000 08 00000000 80 00000000 40
03 00000000 10 0000000000 04 00801f00 38 00cfff00 40 0000000000 02 00000000 0e 00000000 08 00000000 80 00000000 40
03 00000000 30 0000000000 06 00fc0f00 38 00e7ff01 40 0000000000 03 00000000 0e 00000000 08 00000000 80 00000000 40
03 00000000 30 0000000000 04 00fc0700 30 807ff003 40 0000000000 02 00000000 0e 00000000 08 00000000 80 00000000 40
03 00000000 10 0000000000 04 00fc1700 38 803fe003 40 0000000000 03 00000000 0e 00000000 0c 00000000 80 00000000 40
03 00000000 30 0000000000 06 00803f00 30 801fc007 40 0000000000 02 00000000 0e 00000000 08 00000000 80 00000000 40
03 00000000 30 0000000000 06 00007c00 38 800f8007 40 0000000000 03 00000000 0e 00000000 08 00000000 80 00000000 c0
03 00000000 10 0000000000 04 0000f800 30 8007800f 40 0000000000 02 00000000 0e 00000000 08 00000000 80 00000000 40
03 00000000 30 0000000000 04 0000f000 38 8007000f 40 0000000000 03 00000000 0e 00000000 08 00000000 80 00000000 40
03 00000000 30 0000000000 06 0000f001 38 8007000f 40 0000000000 02 00000000 0e 00000000 08 00000000 80 00000000 40
03 00000000 10 0000000000 04 0000e001 30 8007000f 60 0000000000 03 00000000 0e 00000000 0c 00000000 80 00000000 40
03 00000000 30 0000000000 04 0000e001 38 000f800f 40 0000000000 02 00000000 0e 00000000 08 00000000 80 00000000 40
03 00000000 30 0000000000 06 0000e001 30 000f8007 40 0000000000 03 00000000 0e 00000000 08 00000000 80 00000000 40
03 00000000 10 0000000000 04 0000f001 38 000f8007 40 0000000000 02 00000000 0e 00000000 08 00000000 80 00000000 c0
03 00000000 30 0000000000 04 0000f001 30 001f8007 40 0000000000 03 00000000 0e 00000000 0c 00000000 80 00000000 40
03 00000000 30 0000000000 06 0000f800 38 001ec003 40 0000000000 02 00000000 0e 00000000 08 00000000 80 00000000 40
03 00000000 10 0000000000 04 c001fc00 30 003ee003 40 0000000000 03 00000000 0e 00000000 08 00000000 80 00000000 40
03 00000000 30 0000000000 04 c0ff3f00 38 00f8fd01 40 0000000000 02 00000000 0e 00000000 08 00000000 80 00000000 40
03 00000000 30 0000000000 06 c0ff3f00 30 00f8ff00 40 0000000000 03 00000000 0e 00000000 08 00000000 80 00000000 c0
03 00000000 10 0000000000 04 80ff0f00 38 00e07f00 40 0000000000 02 00000000 0e 00000000 0c 00000000 80 00000000 40
03 00000000 30 0000000000 04 00f80100 30 00800700 60 0000000000 03 00000000 0e 00000000 08 00000000 80 00000000 40
03 00000000 30 0000000000 06 00000000 38 00000000 40 0000000000 03 00000000 0e 00000000 08 00000000 80 00000000 40
03 00000000 30 0000000000 06 00000000 30 00000000 40 0000000000 02 00000000 0e 00000000 0c 00000000 80 00000000 c0
03 00000000 10 0000000000 04 00000000 38 00000000 40 0000000000 03 00000000 0e 00000000 08 00000000 80 00000000 40
03 00000000 10 0000000000 04 00000000 38 00000000 40 0000000000 03 00000000 0e 00000000 08 00000000 80 00000000 c0
03 00000000 30 0000000000 04 00000000 30 00000000 40 0000000000 00 00000000 0e 00000000 08 00000000 80 00000000 40
03 00000000 30 0000000000 06 00000000 38 00000000 60 0000000000 03 00000000 0e 00000000 0c 00000000 c0 00000000 40
ff ffffffff ef ffffffffff f7 ffffffff fb ffffffff bf ffffffffff fe ffffffff ff ffffffff fb ffffffff ff ffffffff 7f
03 0a000004 30 9000000488 24 04000020 78 00409284 44 2249922409 43 aa4a9224 0e 49925229 4a 4a922453 89 48224200 62
03 00000000 10 0000000000 04 00000000 30 00000000 40 0000000000 02 00000000 0e 00000000 08 00000000 80 00000000 40
03 00000000 30 0000000000 06 00000000 38 00000000 60 0000000000 03 00000000 0e 00000000 08 00000000 80 00000000 40
03 00000000 30 0000000000 04 00000000 38 00000000 40 0000000000 03 00000000 0e 00000000 0c 00000000 80 00000000 40
03 00000000 30 0000000000 04 00000000 30 00000000 40 0000000000 02 00000000 0e 00000000 08 00000000 80 00000000 40
03 00000000 10 0000000000 04 00000000 38 00000000 40 0000000000 02 00000000 0e 00000000 08 00000000 80 00000000 40
03 00000000 30 0000000000 06 00000000 30 00000000 40 0000000000 03 00000000 0e 00000000 08 00000000 80 00000000 40
03 00000000 30 0000000000 06 00000000 38 00000000 40 0000000000 02 00000000 0e 00000000 0c 00000000 80 00000000 40
03 00000000 30 0000000000 04 00000000 38 00000000 40 00807f0000 03 00000000 0e 80ff0100 08 00000000 80 00000000 40
03 00000000 10 00e0ffff00 04 00000000 30 00000000 40 00c0ff0100 01 00000000 0e e0ff0300 08 00000000 80 00000000 40
03 00000000 30 00f0ffff00 04 00000000 38 00000000 40 00f0ff0300 02 00000000 0e f0ff0700 08 00000000 80 00000000 40
03 00000000 30 00f0ffff00 06 00000000 30 00000000 40 00f8e00700 03 00000000 0e f0e10f00 0c 00000000 80 00000000 40
03 00000000 10 00e0fffe00 04 00000000 38 00000000 40 0078800f00 02 00000000 0e 70801f00 08 00000000 80 00000000 40
03 00000000 30 0000007800 06 00000000 30 00000000 40 003c000f00 03 00000000 0e 00001f00 08 00000000 80 00000000 40
03 00000000 30 0000007800 04 00000000 38 00000000 40 003c001f00 02 00000000 0e 00001e00 08 00000000 80 00000000 40
03 00000000 10 0000003c00 04 00000000 38 00000000 60 003e001e00 03 00000000 0e 00003e00 08 00000000 80 00000000 40
03 00000000 30 0000001c00 06 00000000 30 00000000 40 001e001e00 02 00000000 0e 00001e00 0c 00000000 80 00000000 40
03 00000000 30 0000001e00 04 00000000 38 00000000 40 001e001e00 02 00000000 0e 00001e00 08 00000000 80 00000000 40
03 00000000 10 0000001e00 04 00000000 30 00000000 40 001e001e00 03 00000000 0e 00001e00 08 00000000 80 00000000 40
03 00000000 30 0000000f00 06 00000000 38 00000000 40 001e001e00 02 00000000 0e 00001e00 08 00000000 80 00000000 40
03 00000000 30 0000000f00 04 00000000 30 00000000 40 003e003e00 01 00000000 0e 00001e00 0c 00000000 80 00000000 40
03 00000000 10 0000800700 04 00000000 38 00000000 60 003e003e00 03 00000000 0e 00000f00 08 00000000 80 00000000 40
03 00000000 30 0000800700 06 00000000 38 00000000 40 003c001f00 02 00000000 0e 00000f00 08 00000000 80 00000000 40
03 00000000 30 0000c00300 04 00000000 30 00000000 40 007c801f00 01 00000000 0e 00800700 08 00000000 80 00000000 40
03 00000000 10 0000c00300 04 00000000 38 00000000 40 00f8e11f00 03 00000000 0e 00c00700 08 00000000 80 00000000 40
03 00000000 30 0000e00100 06 00000000 30 00000000 40 00f0ff1e00 02 00000000 0e 00e00300 0c 00000000 80 00000000 40
03 00000000 30 0000e00100 04 00000000 38 00000000 40 00e07f1e00 03 00000000 0e 00e00100 08 00000000 80 00000000 40
03 00000000 10 0000f00000 04 00000000 30 00000000 60 00401f0e00 02 00000000 0e 00f80000 08 00000000 80 00000000 40
03 00000000 30 0000f00000 06 00000000 38 00000000 40 0000000f00 02 00000000 0e 00f80000 08 00000000 80 00000000 40
03 00000000 30 0000780000 04 00000000 38 00000000 40 0000000f00 03 00000000 0e 003c0000 08 00000000 80 00000000 40
03 00000000 10 0000780000 04 00000000 30 00000000 40 0000800700 02 00000000 0e 003e0000 0c 00000000 80 00000000 40
03 00000000 30 00003c0000 06 00000000 38 00000000 40 0000c00700 01 00000000 0e 001f0000 08 00000000 80 00000000 40
03 00000000 30 00003c0000 04 00000000 30 00000000 40 0000c00300 03 00000000 0e 800f0000 08 00000000 80 00000000 40
03 00000000 10 00003e0000 04 00000000 38 00000000 60 0000e00300 02 00000000 0e e0070000 08 00000000 80 00000000 40
03 00000000 30 00001e0000 06 00000000 30 00000000 40 0000f80100 02 00000000 0e e0010000 08 00000000 80 00000000 40
03 00000000 30 00001f0000 04 00000000 38 00000000 40 0000fe0000 03 00000000 0e f8a13500 0c 00000000 80 00000000 40
03 00000000 10 00000f0000 04 00000000 38 00000000 40 00f07f0000 02 00000000 0e f8ff3f00 08 00000000 80 00000000 40
03 00000000 30 00800f0000 06 00000000 30 00000000 40 00f01f0000 02 00000000 0e f8ff3f00 08 00000000 80 00000000 40
03 00000000 30 00c0070000 04 00000000 38 00000000 40 00f8070000 03 00000000 0e f8ff3f00 08 00000000 80 00000000 40
03 00000000 10 0080030000 04 00000000 30 00000000 40 0030000000 02 00000000 0e 00000000 08 00000000 80 00000000 40
03 00000000 30 0000000000 06 00000000 38 00000000 60 0000000000 02 00000000 0e 00000000 0c 00000000 80 00000000 40
03 00000000 10 0000000000 04 00000000 30 00000000 40 0000000000 03 00000000 0e 00000000 08 00000000 80 00000000 40
03 00000000 30 0000000000 04 00000000 38 00000000 40 0000000000 01 00000000 0e 00000000 08 00000000 80 00000000 40
03 00000000 30 0000000000 06 00000000 38 00000000 40 0000000000 02 00000000 0e 00000000 08 00000000 80 00000000 40
03 00000000 10 0000000000 04 00000000 30 00000000 40 0000000000 03 00000000 0e 00000000 08 00000000 80 00000000 40
03 00000000 30 0000000000 04 00000000 38 00000000 40 0000000000 02 00000000 0e 00000000 08 00000000 80 00000000 40
03 00000000 00 0000000000 04 00000000 30 00000000 40 0000000000 00 00000000 0e 00000000 08 00000000 80 00000000 40
ff ffffffff ff ffffffffff ff ffffffff ff ffffffff ff ffffffffff ff ffffffff fe ffffffff ff ffffffff ff ffffffff 7f
ff ffffffff ff ffffffffff ff ffffffff ff ffffffff ff ffffffffff ff ffffffff ff ffffffff ff ffffffff ff ffffffff 7f
ff ffffffff ff ffffffffff ff ffffffff ff ffffffff ff ffffffffff ff ffffffff ff ffffffff ff ffffffff ff ffffffff 7f
03 00000000 10 0000000000 04 00000000 30 00000000 40 0000000000 02 00000000 0e 00000000 08 00000000 80 00000000 40
03 00000000 10 0000000000 04 00000000 30 00000000 40 0000000000 02 00000000 0e 00000000 08 00000000 00 00000000 40
03 00000000 30 0000000000 04 00000000 38 00000000 40 0000000000 02 00000000 0e 00000000 08 00000000 80 00000000 40
03 00000000 30 0000000000 06 00000000 30 00000000 40 0000000000 03 00000000 0e 00000000 08 00000000 80 00000000 40
03 00000000 10 0000000000 04 00000000 38 00000000 40 0000000000 02 00000000 0e 00000000 08 00000000 80 00000000 40
03 00000000 30 0000000000 04 00000000 38 00000000 40 0000000000 03 00000000 0e 00000000 08 00000000 80 00000000 40
03 00000000 30 00e0ff0f00 06 00000000 30 00000000 40 0000000000 02 a0aa7600 0e 00000000 08 00000000 80 00000000 40
03 00000000 10 00e0ff0f00 04 00000000 38 00000000 40 0000000000 02 f0ff7f00 0e 00000000 08 00000000 80 00000000 40
03 00000000 10 00e0ff0f00 04 00000000 38 00000000 40 0000000000 03 f0ff7f00 0e 00000000 0c 00000000 80 00000000 40
03 00000000 30 00f0960400 06 00000000 30 00000000 40 0000000000 02 f0ff7f00 0e 00000000 08 00000000 80 00000000 40
03 00000000 10 00f0000000 04 00000000 38 00000000 40 0000000000 02 00007800 0e 00000000 08 00000000 80 00000000 40
03 00000000 30 00f0000000 04 00000000 38 00000000 40 0000000000 03 00003c00 0e 00000000 08 00000000 80 00000000 40
03 00000000 30 00f0000000 06 00000000 30 00000000 40 0000000000 02 00003c00 0e 00000000 0c 00000000 80 00000000 40
03 00000000 10 00f0000000 04 00000000 38 00000000 40 0000000000 03 00001e00 0e 00000000 08 00000000 80 00000000 40
03 00000000 30 0070000000 04 00000000 38 00000000 40 0000000000 02 00001e00 0e 00000000 08 00000000 80 00000000 40
03 00000000 30 0070000000 06 00000000 30 00000000 40 0000000000 02 00000f00 0e 00000000 08 00000000 80 00000000 40
03 00000000 10 0070000000 04 00000000 38 00000000 40 0000000000 03 00000f00 0e 00000000 0c 00000000 80 00000000 40
03 00000000 30 00f01f0000 04 00000000 38 00000000 40 0000000000 02 00800700 0e 00000000 08 00000000 80 00000000 40
03 00000000 30 00f8ff0000 06 00000000 30 00000000 40 0000000000 03 00800700 0e 00000000 08 00000000 80 00000000 40
03 00000000 10 00f8ff0100 04 00000000 38 00000000 40 0000000000 01 00c00300 0e 00000000 08 00000000 80 00000000 40
03 00000000 30 0018fc0300 04 00000000 38 00000000 40 0000000000 03 00c00300 0e 00000000 0c 00000000 80 00000000 40
03 00000000 30 0000e00700 06 00000000 30 00000000 40 0000000000 02 00e00100 0e 00000000 08 00000000 80 00000000 40
03 00000000 10 0000c00f00 04 00000000 38 00000000 40 0000000000 01 00e00100 0e 00000000 08 00000000 80 00000000 40
03 00000000 30 0000800f00 04 00000000 38 00000000 40 0000000000 03 00f00100 0e 00000000 08 00000000 80 00000000 40
03 00000000 30 0000000f00 06 00000000 30 00000000 40 0000000000 02 00f00000 0e 00000000 0c 00000000 80 00000000 40
03 00000000 10 0000000f00 04 00000000 38 00000000 40 0000000000 03 00f80000 0e 00000000 08 00000000 80 00000000 40
03 00000000 30 0000000f00 04 00000000 38 00000000 60 0000000000 02 00780000 0e 00000000 08 00000000 80 00000000 40
03 00000000 30 0000000f00 06 00000000 30 00000000 40 0000000000 03 007c0000 0e 00000000 08 00000000 80 00000000 40
03 00000000 10 0000000f00 04 00000000 38 00000000 40 0000000000 02 003c0000 0e 00000000 08 00000000 80 00000000 40
03 00000000 30 0000000f00 04 00000000 38 00000000 40 0000000000 03 003e0000 0e 00000000 0c 00000000 80 00000000 40
03 00000000 30 0000800f00 06 00000000 30 00000000 40 0000000000 02 001e0000 0e 00000000 08 00000000 80 00000000 40
03 00000000 10 0000c00700 04 00000000 38 00000000 60 0000000000 01 001f0000 0e 00000000 08 00000000 80 00000000 40
03 00000000 30 000ce00700 04 00000000 38 00000000 40 0000000000 03 000f0000 0e 00000000 08 00000000 80 00000000 40
03 00000000 30 007cfc0100 06 00000000 30 00000000 40 0000000000 02 000f0000 0e 00000000 08 00000000 80 00000000 40
03 00000000 10 00fcff0100 04 00000000 38 00000000 40 0000000000 01 80070000 0e 00000000 0c 00000000 80 00000000 40
03 00000000 30 00fc7f0000 04 00000000 38 00000000 40 0000000000 03 c0070000 0e 00000000 08 00000000 80 00000000 40
03 00000000 30 00f01f0000 06 00000000 30 00000000 40 0000000000 02 c0030000 0e 00000000 08 00000000 80 00000000 40
03 00000000 10 0000000000 04 00000000 38 00000000 40 0000000000 03 00000000 0e 00000000 08 00000000 80 00000000 40
03 00000000 10 0000000000 04 00000000 38 00000000 40 0000000000 02 00000000 0e 00000000 08 00000000 80 00000000 40
03 00000000 30 0000000000 06 00000000 70 00000000 40 0000000000 03 00000000 0e 00000000 08 00000000 80 00000000 40
03 00000000 30 0000000000 04 00000000 38 00000000 60 0000000000 02 00000000 0e 00000000 08 00000000 80 00000000 40
03 00000000 30 0000000000 04 00000000 38 00000000 40 0000000000 02 00000000 0e 00000000 08 00000000 80 00000000 40
03 00000000 30 0000000000 06 00000000 30 00000000 40 0000000000 02 00000000 0e 00000000 0c 00000000 80 00000000 40
03 00000000 00 0000000000 04 00000000 78 00000000 60 0000000000 02 00000000 0e 00000000 08 00000000 80 00000000 c0
ff ffffffff bf ffffffffff f7 ffffffff ff ffffffff bf ffffffffff ff ffffffff ff ffffffff ff ffffffff ff ffffffff 7f
03 00000801 32 0000000004 26 02000000 38 00212222 51 9224210220 02 00000000 0e 00000048 08 a4aab56a d2 00000000 40
03 00000000 30 0000000000 04 00000000 30 00000000 40 0000000000 02 00000000 0e 00000000 08 00000000 80 00000000 40
03 00000000 30 0000000000 06 00000000 38 00000000 40 0000000000 03 00000000 0e 00000000 08 00000000 80 00000000 c0
03 00000000 10 0000000000 06 00000000 38 00000000 60 0000000000 02 00000000 0e 00000000 08 00000000 80 00000000 40
03 00000000 30 0000000000 04 00000000 38 00000000 40 0000000000 03 00000000 0e 00000000 08 00000000 80 00000000 40
03 00000000 30 0000000000 06 00000000 30 00000000 40 0000000000 02 00000000 0e 00000000 08 00000000 80 00000000 40
03 00000000 10 0000000000 04 00000000 38 00000000 40 0000000000 02 00000000 0e 00000000 0c 00000000 80 00000000 40
03 00000000 30 0000000000 06 00000000 38 00000000 60 0000400000 03 80ff3f00 0e 80000003 08 00000000 80 00000000 c0
03 00000000 30 0000000000 04 00000000 38 00000000 40 0000f80000 03 80ff3f00 0e 80ffff03 08 00000000 80 00000000 40
03 00000000 10 0000000000 06 00000000 38 00000000 40 0000fc0000 02 80ff3f00 0e 80ffff03 08 00000000 80 00000000 40
03 00000000 30 0000000000 04 00000000 30 00000000 60 0000fe0000 02 c0db1a00 0e 80ffff07 0c 00000000 80 00000000 c0
03 00000000 30 0000000000 04 00000000 38 00000000 40 0000fe0000 03 80030000 0e 0000e403 08 00000000 80 00000000 40
03 00000000 30 0000000000 06 00000000 38 00000000 40 0000ef0000 02 c0030000 0e 0000e001 08 00000000 80 00000000 40
03 00000000 10 0000000000 04 00000000 30 00000000 60 0000f70000 02 c0030000 0e 0000e001 08 00000000 80 00000000 40
03 00000000 30 0000000000 06 00000000 38 00000000 40 0080f70000 03 c0030000 0e 0000f001 08 00000000 80 00000000 40
03 00000000 30 0000000000 04 00000000 38 00000000 40 00c0f30000 02 c0010000 0e 0000f000 08 00000000 80 00000000 40
03 00000000 30 0000000000 04 00000000 30 00000000 40 00e0f30000 03 c0010000 0e 00007800 08 00000000 80 00000000 40
03 00000000 30 0000000000 06 00000000 38 00000000 60 00e0f10000 02 c0010000 0e 00007800 08 00000000 80 00000000 40
03 00000000 10 0000000000 04 00000000 38 00000000 40 00f0f00000 02 c01f0000 0e 00007c00 08 00000000 80 00000000 40
03 00000000 30 0000000000 06 00000000 38 00000000 40 00f8f00000 03 e0ff0300 0e 00003c00 08 00000000 80 00000000 40
03 00000000 30 0000000000 04 00000000 30 00000000 60 007cf00000 02 e0ff0700 0e 00003e00 08 00000000 80 00000000 40
03 00000000 30 0000000000 06 00000000 38 00000000 40 003cf00000 02 e0f80f00 0e 00001e00 0c 00000000 80 00000000 40
03 00000000 10 0000000000 04 00000000 38 00000000 40 001ef00000 03 00801f00 0e 00001f00 08 00000000 80 00000000 40
03 00000000 30 0000000000 04 00000000 30 00000000 40 000ef00000 02 00003f00 0e 00000f00 08 00000000 80 00000000 40
03 00000000 30 0000000000 06 00000000 38 00000000 60 000ff00000 01 00003e00 0e 00000f00 08 00000000 80 00000000 40
03 00000000 30 0000000000 04 00000000 38 00000000 40 8007f00000 03 00003c00 0e 00800700 08 00000000 80 00000000 40
03 00000000 10 0000000000 06 00000000 38 00000000 40 8003f00000 02 00003c00 0e 00c00700 08 00000000 80 00000000 40
03 00000000 30 0000000000 04 00000000 30 00000000 60 c0ffff0f00 02 00003c00 0e 00c00300 08 00000000 80 00000000 40
03 00000000 30 0000000000 04 00000000 38 00000000 40 c0ffff0f00 03 00003c00 0e 00c00300 08 00000000 80 00000000 40
03 00000000 30 0000000000 06 00000000 38 00000000 40 c0ffff1f00 02 00003c00 0e 00e00100 08 00000000 80 00000000 40
03 00000000 30 0000000000 04 00000000 30 00000000 60 c024f20c00 02 00003c00 0e 00f00100 08 00000000 80 00000000 40
03 00000000 10 0000000000 04 00000000 38 00000000 40 0000f00000 03 00003e00 0e 00f00000 08 00000000 80 00000000 40
03 00000000 30 0000000000 06 00000000 38 00000000 40 0000f00000 02 00001e00 0e 00f80000 0c 00000000 80 00000000 40
03 00000000 30 0000000000 04 00000000 38 00000000 60 0000f00000 03 20801f00 0e 00780000 08 00000000 80 00000000 40
03 00000000 30 0000000000 04 00000000 30 00000000 40 0000f00000 01 f0c00f00 0e 00780000 08 00000000 80 00000000 40
03 00000000 30 0000000000 06 00000000 38 00000000 40 0000f00000 02 f8ff0700 0e 007c0000 08 00000000 80 00000000 40
03 00000000 10 0000000000 04 00000000 38 00000000 40 0000f00000 03 f0ff0300 0e 003e0000 08 00000000 80 00000000 40
03 00000000 30 0000000000 04 00000000 30 00000000 60 0000f00000 02 e0ff0000 0e 003e0000 08 00000000 80 00000000 40
03 00000000 30 0000000000 06 00000000 38 00000000 40 0000200000 03 00000000 0e 00040000 08 00000000 80 00000000 40
03 00000000 30 0000000000 04 00000000 38 00000000 40 0000000000 02 00000000 0e 00000000 08 00000000 80 00000000 40
03 00000000 30 0000000000 06 00000000 38 00000000 60 0000000000 02 00000000 0e 00000000 0c 00000000 80 00000000 40
03 00000000 10 0000000000 04 00000000 30 00000000 40 0000000000 03 00000000 0e 00000000 08 00000000 80 00000000 40
03 00000000 30 0000000000 06 00000000 38 00000000 40 0000000000 02 00000000 0e 00000000 08 00000000 80 00000000 c0
03 00000000 30 0000000000 04 00000000 38 00000000 40 0000000000 03 00000000 0e 00000000 08 00000000 80 00000000 40
03 00000000 30 0000000000 04 00000000 38 00000000 60 0000000000 02 00000000 0e 00000000 08 00000000 80 00000000 40
03 00000000 10 0000000000 06 00000000 30 00000000 40 0000000000 02 00000000 0e 00000000 08 00000000 80 00000000 40
b3 b5d65a6b 75 b76ddbddb6 a6 b6adaada 7a b76ddbb6 6d 6ddbb65adb d3 6a6db537 4e bb6ddbed fe add65a55 d5 542a2949 56
ff ffffffff ef ffffffffff f7 ffffffff ff ffffffff bf ffffffffff fc fffffffe ff dfffffff f3 ffffffff ff ffffffff 7f
03 00000000 10 0000000000 04 00000000 30 00000000 40 0000000000 02 00000000 0e 00000000 08 00000000 80 00000000 40
03 00000000 30 0000000000 04 00000000 30 00000000 40 0000000000 02 00000000 0e 00000000 08 00000000 00 00000000 40
03 00000000 10 0000000000 04 00000000 38 00000000 40 0000000000 02 00000000 0e 00000000 08 00000000 80 00000000 40
03 00000000 30 0000000000 06 00000000 38 00000000 40 0000000000 03 00000000 0e 00000000 08 00000000 80 00000000 40
03 00000000 30 0000000000 04 00000000 30 00000000 40 0000000000 02 00000000 0e 00000000 08 00000000 80 00000000 40
03 00000000 10 0000000000 04 00000000 38 00000000 40 0000000000 02 00000000 0e 00000000 08 00000000 80 00000000 40
03 00000000 30 0000000000 06 00000000 38 00000000 60 0000000000 03 00000000 0e 00000000 0c 00f00f00 80 00000000 40
03 00000000 30 0000000000 04 00000000 30 00000f00 40 0000000000 02 00000000 0e 00000000 08 00fe3f00 80 00000000 40
03 00000000 30 0000000000 06 00000000 38 00801f00 40 0000000000 02 00000000 0e 00000000 08 00ff7f00 80 00000000 40
03 00000000 10 0000000000 04 00000000 38 00e01f00 40 0000000000 03 00000000 0e 00000000 08 00bffe00 80 00000000 40
03 00000000 30 0000000000 06 00000000 30 00f80f00 40 0000000000 02 00000000 0e 00000000 08 0007f800 80 00000000 40
03 00000000 30 0000000000 04 00000000 38 00fc1e00 60 0000000000 02 00000000 0e 00000000 0c 0000f000 80 00000000 40
03 00000000 10 0000000000 06 00000000 38 00381e00 40 0000000000 03 00000000 0e 00000000 08 0000f001 80 00000000 40
03 00000000 30 0000000000 04 00000000 30 00080f00 40 0000000000 02 00000000 0e 00000000 08 0000f001 80 00000000 40
03 00000000 30 0000000000 04 00000000 38 00001f00 40 0000000000 02 00000000 0e 00000000 08 0000f001 80 00000000 40
03 00000000 10 0000000000 06 00000000 38 00001e00 60 0000000000 03 00000000 0e 00000000 0c 0000f000 80 00000000 40
03 00000000 30 0000000000 04 00000000 30 00001f00 40 0000000000 02 00000000 0e 00000000 08 0000f800 80 00000000 40
03 00000000 30 0000000000 06 00000000 38 00001f00 40 0000000000 03 00000000 0e 00000000 08 00007c00 80 00000000 40
03 00000000 10 0000000000 04 00000000 38 00000e00 40 0000000000 02 00000000 0e 00000000 08 00003f00 80 00000000 40
03 00000000 30 0000000000 06 00000000 30 00001f00 60 0000000000 02 00000000 0e 00000000 08 00f81f00 80 00000000 40
03 00000000 30 0000000000 04 00000000 38 00001f00 40 0000000000 03 00000000 0e 00000000 0c 00f80f00 80 00000000 40
03 00000000 10 0000000000 06 00000000 38 00000e00 40 0000000000 02 00000000 0e 00000000 08 00f83f00 80 00000000 40
03 00000000 30 0000000000 04 00000000 30 00001f00 40 0000000000 02 00000000 0e 00000000 08 00007f00 80 00000000 40
03 00000000 30 0000000000 06 00000000 38 00001f00 60 0000000000 03 00000000 0e 00000000 08 0000f801 80 00000000 40
03 00000000 10 0000000000 04 00000000 38 00001e00 40 0000000000 02 00000000 0e 00000000 08 0000f001 80 00000000 40
03 00000000 30 0000000000 04 00000000 30 00000f00 40 0000000000 03 00000000 0e 00000000 0c 0000e003 80 00000000 40
03 00000000 30 0000000000 06 00000000 38 00001f00 40 0000000000 02 00000000 0e 00000000 08 0000c003 80 00000000 40
03 00000000 10 0000000000 04 00000000 38 00001e00 60 0000000000 02 00000000 0e 00000000 08 0000c003 80 00000000 40
03 00000000 30 0000000000 06 00000000 30 00000f00 40 0000000000 01 00000000 0e 00000000 08 0000c003 80 00000000 40
03 00000000 30 0000000000 04 00000000 38 00001f00 40 0000000000 02 00000000 0e 00000000 08 0000c003 80 00000000 40
03 00000000 10 0000000000 06 00000000 38 00001e00 40 0000000000 03 00000000 0e 00000000 08 0000c003 80 00000000 40
03 00000000 30 0000000000 04 00000000 30 00001f00 60 0000000000 02 00000000 0e 00000000 0c 0000e003 80 00000000 40
03 00000000 30 0000000000 04 00000000 38 00000f00 40 0000000000 02 00000000 0e 00000000 08 0000f001 80 00000000 40
03 00000000 10 0000000000 06 00000000 38 00001e00 40 0000000000 03 00000000 0e 00000000 08 0003f801 80 00000000 40
03 00000000 30 0000000000 04 00000000 30 00000f00 40 0000000000 02 00000000 0e 00000000 08 80ffff00 80 00000000 40
03 00000000 30 0000000000 06 00000000 38 00001f00 60 0000000000 02 00000000 0e 00000000 08 80ff7f00 80 00000000 40
03 00000000 10 0000000000 04 00000000 38 00001f00 40 0000000000 03 00000000 0e 00000000 0c 00ff1f00 80 00000000 40
03 00000000 30 0000000000 04 00000000 30 00000e00 40 0000000000 02 00000000 0e 00000000 08 00f80300 80 00000000 40
03 00000000 30 0000000000 06 00000000 30 00000000 40 0000000000 02 00000000 0e 00000000 08 00000000 80 00000000 40
03 00000000 10 0000000000 04 00000000 38 00000000 40 0000000000 03 00000000 0e 00000000 08 00000000 80 00000000 40
03 00000000 30 0000000000 06 00000000 38 00000000 60 0000000000 02 00000000 0e 00000000 08 00000000 80 00000000 40
03 00000000 30 0000000000 04 00000000 30 00000000 40 0000000000 02 00000000 0e 00000000 08 00000000 80 00000000 40
03 00000000 10 0000000000 00 00000000 30 00000000 40 0000000000 03 00000000 0e 00000000 08 00000000 00 00000000 40
93 00000000 30 0400000024 8f 00000000 78 01000100 c8 4802000000 23 00000000 8e 24499284 4c 82244922 c9 10111100 61
ff ffffffff ff ffffffffff ff ffffffff ff ffffffff ff ffffffffff ff ffffffff ff ffffffff ff ffffffff ff ffffffff 7f
ff ffffffff ff ffffffffff ff ffffffff ff ffffffff ff ffffffffff ff ffffffff ff ffffffff ff ffffffff ff ffffffff 7f
03 484a2925 31 4092244900 04 00000000 38 10022149 50 002055554a 03 a9244912 0e 00000000 08 00000000 80 00000000 40
03 00000000 30 0000000000 04 00000000 30 00000000 40 0000000000 02 00000000 0e 00000000 08 00000000 80 00000000 40
03 00000000 30 0000000000 06 00000000 38 00000000 40 0000000000 03 00000000 0e 00000000 08 00000000 80 00000000 40
03 00000000 10 0000000000 04 00000000 38 00000000 40 0000000000 02 00000000 0e 00000000 0c 00000000 80 00000000 40
03 00000000 30 0000000000 04 00000000 30 00000000 60 0000000000 02 00000000 0e 00000000 08 00000000 80 00000000 40
03 00000000 30 0000000000 06 00000000 38 00000000 40 0000000000 03 00000000 0e 00000000 08 00000000 80 00000000 40
03 00000000 10 0000000000 04 00000000 38 00000000 40 0000000000 02 00000000 0e 00000000 0c 00000000 80 00000000 40
03 00000000 30 0000000000 04 00000000 30 00000000 60 0000000000 03 00000000 0e 00000000 08 00007e00 80 00f80f00 40
03 00000000 30 0000000000 06 00000000 38 00000000 40 0000000000 02 00000000 0e 00000000 08 00c07f00 80 00fc7f00 40
03 00000000 10 0000000000 04 00c00700 30 00000000 40 0000000000 02 00000000 0e 00000000 08 00e07f00 80 00feff00 40
03 00000000 30 0000000000 04 00f00700 38 00000000 40 0000000000 03 00000000 0e 00000000 08 00f82700 80 001ff800 40
03 00000000 30 0000000000 06 00fc0700 30 00000000 40 0000000000 02 00000000 0e 00000000 0c 00fc0100 80 800ff001 40
03 00000000 10 0000000000 04 00fe0700 38 00000000 60 0000000000 01 00000000 0e 00000000 08 007e0000 80 8007e001 40
03 00000000 30 0000000000 04 009e0700 30 00000000 40 0000000000 03 00000000 0e 00000000 08 001e0000 80 8007e001 40
03 00000000 30 0000000000 04 00860700 38 00000000 40 0000000000 02 00000000 0e 00000000 08 001f0000 80 c003e003 40
03 00000000 10 0000000000 06 00800700 30 00000000 40 0000000000 03 00000000 0e 00000000 08 800f0000 80 c003e001 40
03 00000000 30 0000000000 04 00800700 38 00000000 40 0000000000 02 00000000 0e 00000000 08 80070000 80 8007e001 40
03 00000000 30 0000000000 04 00800700 30 00000000 60 0000000000 01 00000000 0e 00000000 0c 80070000 80 800fe001 40
03 00000000 10 0000000000 06 00800700 38 00000000 40 0000000000 03 00000000 0e 00000000 08 c0e31f00 80 800ff000 40
03 00000000 30 0000000000 04 00800700 30 00000000 40 0000000000 02 00000000 0e 00000000 08 c0f33f00 80 003f7c00 40
03 00000000 30 0000000000 04 00800700 38 00000000 40 0000000000 01 00000000 0e 00000000 08 c0f97f00 80 00fe3f00 40
03 00000000 10 0000000000 06 00800700 30 00000000 40 0000000000 03 00000000 0e 00000000 08 c03ffc00 80 00f80f00 40
03 00000000 30 0000000000 04 00800700 38 00000000 60 0000000000 02 00000000 0e 00000000 08 e00ff001 80 00f83f00 40
03 00000000 30 0000000000 04 00800700 30 00000000 40 0000000000 03 00000000 0e 00000000 0c e007f001 80 007e7f00 40
03 00000000 10 0000000000 06 00800700 38 00000000 40 0000000000 02 00000000 0e 00000000 08 e003e001 80 001ffc00 40
03 00000000 30 0000000000 04 00800700 30 00000000 40 0000000000 01 00000000 0e 00000000 08 e003c003 80 800ff001 40
03 00000000 30 0000000000 04 00800700 38 00000000 40 0000000000 03 00000000 0e 00000000 08 e001c003 80 c007e003 40
03 00000000 30 0000000000 06 00800700 30 00000000 60 0000000000 02 00000000 0e 00000000 08 c001c003 80 c003c003 40
03 00000000 10 0000000000 04 00800700 38 00000000 40 0000000000 03 00000000 0e 00000000 08 e003c003 80 c003c003 40
03 00000000 30 0000000000 04 00800700 30 00000000 40 0000000000 02 00000000 0e 00000000 0c c003e003 80 c003c003 40
03 00000000 30 0000000000 06 00800700 38 00000000 40 0000000000 01 00000000 0e 00000000 08 c003e003 80 c003c003 40
03 00000000 10 0000000000 04 00800700 30 00000000 40 0000000000 03 00000000 0e 00000000 08 c003e001 80 c003c003 40
03 00000000 30 0000000000 04 00800700 38 00000000 60 0000000000 02 00000000 0e 00000000 08 c007e001 80 c003c003 40
03 00000000 30 0000000000 06 00800700 30 00000000 40 0000000000 03 00000000 0e 00000000 08 800ff001 80 c007e001 40
03 00000000 30 0000000000 04 00800700 38 00000000 40 0000000000 02 00000000 0e 00000000 0c 001ff800 80 800ff001 40
03 00000000 10 0000000000 04 00800700 30 00000000 40 0000000000 01 00000000 0e 00000000 08 007f7f00 80 007ffe00 40
03 00000000 30 0000000000 06 00800700 38 00000000 60 0000000000 03 00000000 0e 00000000 08 00fc3f00 80 00fe7f00 40
03 00000000 30 0000000000 04 00800700 30 00000000 40 0000000000 02 00000000 0e 00000000 08 00f81f00 80 00fc1f00 40
03 00000000 30 0000000000 04 00800700 38 00000000 40 0000000000 03 00000000 0e 00000000 08 00c00300 80 00c00100 40
03 00000000 10 0000000000 06 00800000 38 00000000 40 0000000000 02 00000000 0e 00000000 0c 00000000 80 00000000 40
03 00000000 30 0000000000 04 00000000 30 00000000 60 0000000000 03 00000000 0e 00000000 08 00000000 80 00000000 40
03 00000000 30 0000000000 06 00000000 38 00000000 40 0000000000 03 00000000 0e 00000000 08 00000000 80 00000000 40
03 00000000 30 0000000000 04 00000000 30 00000000 40 0000000000 00 00000000 0e 00000000 08 00000000 80 00000000 40
03 00000000 10 0000000000 04 00000000 38 00000000 40 0000000000 03 00000000 0e 00000000 0c 00000000 80 00000000 40
03 00000000 10 0000000000 06 00000000 30 00000000 40 0000000000 02 00000000 0e 00000000 08 00000000 80 00000000 40
b3 aaaaaaaa 9a 5255555555 a6 2a29a924 79 555555d5 76 db4eb62d99 b3 6ddbb66d ce 6cdbb6b5 cc 6e77dbed d2 64d56cdb 64
df ffffffff f7 ffffffffff f5 ffffffff 7b ffffffff 9f fbfbffffff fe ffffffbf ef ffdfffff fe ffffffff ff bfbfb76d 5f
03 00000000 20 0000000000 06 00000000 38 00000000 40 0000000000 02 00000000 0e 00000000 00 00000000 80 00000000 c0
03 00000000 30 0000000000 04 00000000 30 00000000 40 0000000000 03 00000000 0e 00000000 08 00000000 80 00000000 40
03 00000000 30 0000000000 04 00000000 38 00000000 40 0000000000 02 00000000 0e 00000000 0c 00000000 80 00000000 40
03 00000000 10 0000000000 04 00000000 30 00000000 40 0000000000 02 00000000 0e 00000000 08 00000000 80 00000000 40
03 00000000 30 0000000000 06 00000000 38 00000000 40 0000000000 02 00000000 0e 00000000 08 00000000 80 00000000 40
03 00000000 30 0000000000 04 00000000 38 00000000 40 0000000000 03 00000000 0e 00000000 08 00000000 80 00000000 40
03 00000000 30 0000000000 04 00000000 30 00000000 40 0000000000 02 00000000 0e 00000000 0c 00000000 80 00000000 40
03 00000000 30 0000000000 06 00000000 38 00000000 60 0000000000 02 00000000 0e 00000000 08 00000000 80 00000000 40
03 00000000 30 0000000000 04 00f80700 30 0090aa01 40 0000000000 03 00000000 0e 00000000 08 00002000 80 00000000 40
03 00000000 30 0000000000 04 00fe1f00 38 00f8ff03 40 0000000000 02 00000000 0e 00000000 08 00007e00 80 00000000 40
03 00000000 10 0000000000 06 80ff3f00 38 00f0ff03 60 0000000000 03 00000000 0e 00000000 08 00807f00 80 00000000 40
03 00000000 30 0000000000 04 c00f7e00 30 00f8ff03 40 0000000000 02 00000000 0e 00000000 08 00e07f00 80 00000000 40
03 00000000 30 0000000000 06 c0037800 38 00780000 40 0000000000 02 00000000 0e 00000000 08 00e07f00 80 00000000 40
03 00000000 30 0000000000 04 e003f800 30 00780000 40 0000000000 03 00000000 0e 00000000 08 00f07900 80 00000000 40
03 00000000 10 0000000000 04 e001f000 38 00380000 60 0000000000 02 00000000 0e 00000000 08 00607c00 80 00000000 40
03 00000000 30 0000000000 06 e001f000 38 00380000 40 0000000000 03 00000000 0e 00000000 08 00007800 80 00000000 40
03 00000000 30 0000000000 04 e001f000 30 00380000 40 0000000000 02 00000000 0e 00000000 08 00007c00 80 00000000 40
03 00000000 30 0000000000 04 e001f800 38 00380000 60 0000000000 02 00000000 0e 00000000 0c 00007c00 80 00000000 40
03 00000000 10 0000000000 06 e0037800 38 003c0000 40 0000000000 03 00000000 0e 00000000 08 00007800 80 00000000 40
03 00000000 30 0000000000 04 c0077c00 30 003c0000 40 0000000000 02 00000000 0e 00000000 08 00007c00 80 00000000 40
03 00000000 30 0000000000 04 800f3e00 38 00fc1f00 40 0000000000 03 00000000 0e 00000000 0c 00007c00 80 00000000 40
03 00000000 30 0000000000 06 80ff1f00 38 00fc7f00 60 0000000000 02 00000000 0e 00000000 08 00007c00 80 00000000 40
03 00000000 10 0000000000 04 00fe0700 30 00fcff01 40 0000000000 03 00000000 0e 00000000 08 00007c00 80 00000000 40
03 00000000 30 0000000000 06 00fe0f00 38 0000fc01 40 0000000000 02 00000000 0e 00000000 08 00007800 80 00000000 40
03 00000000 30 0000000000 04 00ff1f00 30 0000f003 60 0000000000 02 00000000 0e 00000000 08 00007c00 80 00000000 40
03 00000000 10 0000000000 04 c00f7f00 38 0000e003 40 0000000000 03 00000000 0e 00000000 08 00007c00 80 00000000 40
03 00000000 30 0000000000 06 e0037c00 38 0000c007 40 0000000000 02 00000000 0e 00000000 08 00007c00 80 00000000 40
03 00000000 30 0000000000 04 e001f000 30 0000c007 40 0000000000 02 00000000 0e 00000000 08 00007c00 80 00000000 40
03 00000000 10 0000000000 04 e001f000 38 00008007 60 0000000000 03 00000000 0e 00000000 08 00007800 80 00000000 40
03 00000000 30 0000000000 06 f000f001 38 00008007 40 0000000000 02 00000000 0e 00000000 08 00007c00 80 00000000 40
03 00000000 30 0000000000 04 f000e001 30 00008007 40 0000000000 02 00000000 0e 00000000 0c 00007c00 80 00000000 40
03 00000000 10 0000000000 06 f000e001 38 00008007 60 0000000000 03 00000000 0e 00000000 08 00007c00 80 00000000 40
03 00000000 30 0000000000 04 f000e000 38 0000c003 40 0000000000 02 00000000 0e 00000000 08 00007800 80 00000000 40
03 00000000 30 0000000000 04 f001f000 30 0000e003 40 0000000000 03 00000000 0e 00000000 08 00007c00 80 00000000 40
03 00000000 10 0000000000 06 e003f000 38 0000e003 40 0000000000 02 00000000 0e 00000000 08 00007c00 80 00000000 40
03 00000000 30 0000000000 04 e003fc00 38 0006f801 60 0000000000 02 00000000 0e 00000000 08 00007c00 80 00000000 40
03 00000000 30 0000000000 04 c01f7f00 30 00ffff00 40 0000000000 03 00000000 0e 00000000 08 00003c00 80 00000000 40
03 00000000 10 0000000000 06 80ff3f00 38 00ff7f00 40 0000000000 02 00000000 0e 00000000 08 00007800 80 00000000 40
03 00000000 30 0000000000 04 00fe0f00 38 00fe3f00 40 0000000000 03 00000000 0e 00000000 08 00007c00 80 00000000 40
03 00000000 30 0000000000 06 00f80100 30 00f80700 60 0000000000 02 00000000 0e 00000000 08 00000000 80 00000000 40
03 00000000 10 0000000000 04 00000000 38 00000000 40 0000000000 02 00000000 0e 00000000 08 00000000 80 00000000 40
03 00000000 30 0000000000 04 00000000 38 00000000 40 0000000000 03 00000000 0e 00000000 08 00000000 80 00000000 40
03 00000000 30 0000000000 06 00000000 30 00000000 60 0000000000 03 00000000 0e 00000000 08 00000000 80 00000000 40
03 00000000 10 0000000000 04 00000000 38 00000000 40 0000000000 02 00000000 0e 00000000 08 00000000 80 00000000 40
03 00000000 30 0000000000 04 00000000 38 00000000 40 0000000000 02 00000000 0e 00000000 0c 00000000 80 00000000 40
03 00000000 30 0000000000 06 00000000 38 00000000 60 0000000000 03 00000000 0e 00000000 08 00000000 80 00000000 40
03 00000000 10 0000000000 04 00000000 30 00000000 40 0000000000 02 00000000 0e 00000000 08 00000000 80 00000000 c0
03 00000000 30 0000000000 04 00000000 30 00000000 40 0000000000 02 00000000 0e 00000000 08 00000000 80 00000000 40
93 acaaaa52 31 4992244952 56 49926425 79 4dab5555 6d aaaaaaaa94 53 2955954a 4e 494a5595 ae b56d5bab da dadb5492 64
ff ffffffff bf ffffffffff fd ffffffff ff ffffffff bf ffffffffff fd ffffffff ef ffffffff ef ffffffff ff feffffff 7f
03 00000000 00 0000000000 04 00000000 38 00000000 40 0000000000 02 00000000 0e 00000000 00 00000000 00 00000000 40
03 00000000 30 0000000000 06 00000000 30 00000000 40 0000000000 03 00000000 0e 00000000 08 00000000 80 00000000 40
03 00000000 30 0000000000 04 00000000 38 00000000 40 0000000000 03 00000000 0e 00000000 08 00000000 80 00000000 40
03 00000000 10 0000000000 04 00000000 38 00000000 40 0000000000 02 00000000 0e 00000000 08 00000000 80 00000000 40
03 00000000 30 0000000000 06 00000000 30 00000000 40 0000000000 03 00000000 0e 00000000 08 00000000 80 00000000 40
03 00000000 30 0000f00000 06 00000000 38 00000000 60 0000000000 03 00000000 0e 00007c00 08 00000000 80 00000000 40
03 00000000 10 0000fc0700 04 00000000 38 00000000 40 0000000000 02 00000000 0e 00007e00 0c 00000000 80 00000000 40
03 00000000 30 0000ff1f00 04 00000000 30 00000000 40 0000000000 03 00000000 0e 00007f00 08 00000000 80 00000000 40
03 00000000 30 0080ff1f00 06 00000000 38 00000000 40 0000000000 03 00000000 0e 00807f00 08 00000000 80 00000000 40
03 00000000 30 00c0073e00 04 00000000 38 00000000 60 0000000000 01 00000000 0e 00807b00 08 00000000 80 00000000 40
03 00000000 10 00e0037c00 04 00000000 30 00000000 40 0000000000 03 00000000 0e 00c07900 0c 00000000 80 00000000 40
03 00000000 30 00e0017800 06 00000000 38 00000000 40 0000000000 03 00000000 0e 00c07900 08 00000000 80 00000000 40
03 00000000 30 00f001f800 04 00000000 38 00000000 60 0000000000 02 00000000 0e 00e07900 08 00000000 80 00000000 40
03 00000000 10 00f000f000 04 00000000 30 00000000 40 0000000000 03 00000000 0e 00f07800 08 00000000 80 00000000 40
03 00000000 30 00f000f000 06 00000000 38 00000000 40 0000000000 03 00000000 0e 00f87800 0c 00000000 80 00000000 40
03 00000000 30 00f000f000 06 00000000 38 00000000 40 0000000000 01 00000000 0e 00787800 08 00000000 80 00000000 40
03 00000000 10 00f000f000 04 00000000 30 00000000 60 0000000000 03 00000000 0e 003c7800 08 00000000 80 00000000 40
03 00000000 30 00f000f000 04 00000000 38 00000000 40 0000000000 03 00000000 0e 001e7800 08 00000000 80 00000000 40
03 00000000 30 00f000f001 06 00000000 38 00000000 40 0000000000 02 00000000 0e 001e7800 0c 00000000 80 00000000 40
03 00000000 10 00f001f800 04 00000000 38 00000000 60 0000000000 03 00000000 0e 000f7800 08 00000000 80 00000000 40
03 00000000 30 00e003f800 06 00000000 30 00000000 40 0000000000 03 00000000 0e 80077800 08 00000000 80 00000000 40
03 00000000 30 00e007fc00 04 00000000 38 00000000 40 0000000000 02 00000000 0e 80077800 08 00000000 80 00000000 40
03 00000000 10 00c0ffff00 04 00000000 38 00000000 40 0000000000 03 00000000 0e c0037800 08 00000000 80 00000000 40
03 00000000 30 0080fff700 06 00000000 30 00000000 60 0000000000 03 00000000 0e e0013800 08 00000000 80 00000000 40
03 00000000 30 0000fef200 04 00000000 38 00000000 40 0000000000 01 00000000 0e e0fdff07 0c 00000000 80 00000000 40
03 00000000 10 0000307800 04 00000000 38 00000000 40 0000000000 03 00000000 0e f0ffff07 08 00000000 80 00000000 40
03 00000000 30 0000007800 06 00000000 38 00000000 60 0000000000 03 00000000 0e f0ffff07 08 00000000 80 00000000 40
03 00000000 30 0000007800 04 00000000 30 00000000 40 0000000000 02 00000000 0e 80207d03 08 00000000 80 00000000 40
03 00000000 20 0000003c00 04 00000000 38 00000000 40 0000000000 03 00000000 0e 00007800 08 00000000 80 00000000 40
03 00000000 30 0000003e00 06 00000000 38 00000000 40 0000000000 03 00000000 0e 00007800 0c 00000000 80 00000000 40
03 00000000 30 0000001f00 04 00000000 30 00000000 60 0000000000 01 00000000 0e 00007800 08 00000000 80 00000000 40
03 00000000 10 0000801f00 04 00000000 38 00000000 40 0000000000 03 00000000 0e 00007800 08 00000000 80 00000000 40
03 00000000 30 0000c00f00 06 00000000 38 00000000 40 0000000000 03 00000000 0e 00007800 08 00000000 80 00000000 40
03 00000000 30 0000fc0300 04 00000000 38 00000000 60 0000000000 02 00000000 0e 00007800 0c 00000000 80 00000000 40
03 00000000 10 00c0ff0100 04 00000000 30 00000000 40 0000000000 03 00000000 0e 00007800 08 00000000 80 00000000 40
03 00000000 30 0080ff0000 06 00000000 38 00000000 40 0000000000 03 00000000 0e 00002000 08 00000000 80 00000000 40
03 00000000 30 00c01f0000 04 00000000 38 00000000 40 0000000000 01 00000000 0e 00000000 08 00000000 80 00000000 40
03 00000000 10 0000000000 04 00000000 30 00000000 60 0000000000 03 00000000 0e 00000000 08 00000000 80 00000000 40
03 00000000 30 0000000000 06 00000000 38 00000000 40 0000000000 03 00000000 0e 00000000 08 00000000 80 00000000 40
03 00000000 30 0000000000 04 00000000 38 00000000 40 0000000000 02 00000000 0e 00000000 0c 00000000 80 00000000 40
03 00000000 10 0000000000 04 00000000 30 00000000 60 0000000000 03 00000000 0e 00000000 08 00000000 80 00000000 40
03 00000000 30 0000000000 06 00000000 38 00000000 40 0000000000 03 00000000 0e 00000000 08 00000000 80 00000000 40
03 00000000 30 0000000000 04 00000000 38 00000000 40 0000000000 00 00000000 0e 00000000 08 00000000 c0 00000000 40
03 00000000 10 0000000000 06 00000000 30 00000000 40 0000000000 02 00000000 0e 00000000 08 00000000 00 00000000 40
03 00000000 00 0000000000 00 00000000 78 00000000 40 0000000000 03 00000000 0e 00000000 08 00000000 80 00000000 40
ffffffffffffffffffffffffffffffffffffffffffffffffffffffffffffffffffffffffffffffffffffffffffffff7f
